470
652
82
159
373
920
556
493
327
386
631
916
261
993
17
103
826
701
155
81
194
404
687
195
141
874
545
622
689
857
436
509
92
733
89
18
153
960
599
362
676
547
488
607
828
825
977
494
638
796
197
733
399
782
654
513
908
605
872
597
658
979
188
396
816
947
281
367
734
686
65
941
180
890
390
744
2
940
831
600
577
709
764
513
178
36
183
361
637
318
416
56
180
600
414
976
231
892
153
412
818
238
734
279
785
677
206
277
621
103
448
931
24
943
703
469
553
932
428
843
608
777
125
467
72
23
449
350
242
519
257
488
15
971
26
452
279
725
792
750
233
467
903
106
302
924
962
406
975
199
849
716
891
390
846
133
239
866
967
613
455
718
15
701
418
993
387
955
488
959
777
43
474
639
848
802
619
352
99
386
9
52
823
532
19
224
660
297
318
417
152
437
528
837
907
523
385
815
25
573
289
228
678
812
230
295
759
688
367
353
609
653
84
98
235
589
230
323
192
604
132
879
769
550
492
153
294
779
518
577
8
633
614
897
330
52
87
91
246
440
551
391
135
872
374
100
582
832
109
249
302
362
332
302
999
931
137
775
379
482
784
884
157
682
720
858
230
548
656
925
305
30
350
304
249
158
992
814
782
40
975
626
596
905
850
452
529
56
855
832
658
406
896
813
993
724
827
973
578
230
288
651
901
335
154
513
357
711
174
126
613
499
528
51
541
908
29
981
945
178
472
917
184
65
59
134
901
858
804
918
923
197
467
525
885
854
789
661
487
997
55
72
979
93
835
610
255
510
38
92
192
597
510
421
298
618
442
231
55
978
987
256
898
425
919
300
826
278
375
576
400
321
766
511
854
606
823
234
831
928
581
976
211
536
931
843
634
221
734
697
42
592
284
715
877
159
738
608
64
450
914
826
876
251
820
549
598
408
564
889
216
953
536
853
327
448
143
739
27
50
119
576
984
683
194
657
510
943
501
964
244
31
614
47
785
293
251
73
881
473
787
816
539
513
426
891
341
916
764
908
300
635
475
146
100
467
810
100
468
555
513
140
330
760
270
499
472
524
808
378
54
298
902
136
474
383
114
313
877
832
646
171
602
99
162
727
650
133
895
162
929
925
939
750
462
807
277
43
798
173
700
308
435
546
304
566
512
420
152
873
846
641
613
123
106
919
2
618
206
85
473
552
836
984
374
286
734
11
926
535
506
380
83
636
932
188
925
53
852
501
320
807
315
402
928
483
148
68
698
683
443
285
342
78
521
554
742
151
911
430
593
537
303
411
362
927
586
700
6
468
944
647
299
110
520
558
173
8
114
791
527
779
17
100
206
910
986
932
210
968
272
964
938
622
455
433
626
16
538
205
499
656
311
956
748
901
423
1000
627
895
786
519
77
850
469
334
16
375
754
236
593
524
974
298
686
975
202
525
322
395
523
389
696
835
813
323
362
64
651
661
193
568
665
713
186
232
364
685
127
654
939
808
783
572
244
486
370
545
46
503
584
297
635
758
157
149
200
383
496
281
39
270
74
819
386
335
848
538
737
577
500
415
245
710
601
510
983
488
325
363
33
535
953
986
545
693
487
204
20
504
445
308
642
394
152
816
166
54
181
273
577
848
629
133
534
984
332
439
391
34
505
564
39
146
912
153
973
819
463
691
639
520
725
563
166
193
373
582
68
679
988
712
16
461
557
637
928
959
103
290
371
772
514
368
973
656
549
559
96
298
426
263
678
268
883
899
75
226
664
984
671
639
669
568
519
986
290
893
497
434
300
927
345
974
931
130
402
54
932
805
168
626
258
677
880
613
758
929
337
55
839
3
541
930
569
391
654
137
883
578
232
999
886
608
527
201
699
411
919
165
258
574
398
249
705
994
113
556
910
36
530
274
342
363
642
9
807
366
125
226
801
827
50
635
865
689
309
793
798
913
10
463
708
245
805
514
605
603
332
547
811
400
871
334
733
426
421
289
159
747
782
82
552
487
962
679
451
986
155
136
553
523
81
692
656
600
52
343
552
247
75
738
390
845
358
790
781
906
518
393
347
969
12
783
239
443
957
140
825
131
401
151
30
31
806
682
253
729
884
307
755
339
232
888
347
372
479
104
891
217
68
790
135
281
433
806
650
230
475
482
146
448
667
570
301
704
775
442
244
767
632
417
531
858
141
851
369
660
809
849
794
168
157
796
442
158
258
429
798
998
991
658
237
644
203
654
541
49
820
657
622
539
213
851
817
208
345
166
428
917
78
596
482
675
754
901
519
282
970
668
